531411
507872
502873
531865
530949
531284
514026
533101
502933
526359
521202
521234
502970
531437
503772
514132
540467
531744
530231
544624
503893
512147
514378
531395
514460
890197
514452
544582
501458
530223
530793
506998
543902
537669
544157
522267
513579
544381
539314
504621
513731
517449
508875
544554
539527
543874
543229
505703
526073
505827
539398
522152
522036
513012
522007
531399
505711
506863
539167
538897
530709
540481
540360
512103
506123
513086
511441
511475
500388
530169
544854
523186
506979
502512
530835
507405
539097
512361
526471
512301
502294
502271
515053
515085
531168
523542
513275
523996
513540
513644
532656
531962
544670
544930
544798
531908
523882
521157
544859
504240
544524
540651
544710
517423
517199
530959
526945
543769
526568
508306
530529
542938
519232
519023
519430
519447
519045
519481
519148
519343
519469
531722
509367
526691
523242
526399
513528
526095
537784
543953
540936
544840
514402
543540
538382
514316
531223
510245
514028
514400
509835
540310
514472
514012
514205
514398
531049
531778
507745
515097
515101
515107
531065
544769
530317
538965
524322
524606
538817
506987
519477
519295
519238
524204
524687
530527
519584
531170
544884
519022
526873
538992
544001
544607
521151
521131
521127
514203
531342
524661
531015
524778
524717
544924
539255
517546
530513
517567
532063
539017
531091
538857
501311
539114
523209
531678
507869
512014
540829
542046
534755
539786
538451
512303
504343
512024
530507
544520
526525
504673
513297
530631
531345
500053
513357
519317
519359
507609
519138
519311
543373
526983
526652
507150
526809
519005
530111
513507
538707
502460
531249
500037
507707
504864
504991
513625
530621
520141
515117
518081
518089
518049
518099
539560
502943
506174
511018
538788
505541
511056
501355
530855
508956
539839
509024
509038
516036
516018
516001
531928
503823
526259
540545
526167
517504
504107
517328
537326
522041
531767
543926
539834
544392
539014
512097
539673
512197
539393
539219
509887
539408
530809
539911
513039
511662
538667
512517
512503
532024
509660
501415
509910
526231
506718
526159
526901
526542
526357
544807
519142
544755
542654
530787
541503
531422
544667
508987
523632
517017
517181
517409
531525
890230
544343
544441
544453
539218
511626
540144
531033
531758
540174
505504
539099
530141
780004
522052
521238
507000
530417
530627
531316
516052
531045
523054
526239
531763
530105
517374
513558
513530
526277
513014
513587
504743
504648
513488
513715
544205
533018
506105
505350
520149
512253
509805
531584
522650
522055
506142
514278
514302
518075
532918
523116
524480
NUECLEAR
SUVENPHAR
EROSMEDIA
RANEENGINE
ROOTS
KGDENIM
SELMC
JCTL
BOMBAYRAY
DFMFOODS
VIVEKLTD
SINTEX
VIJAYTEX
COTTONCTY
KANODIA
SHREERAM
ANSALHSG
SKM
ELDERPHARM
PANJON
PRINTERSMY
UPPERGANGES
DHARSUGAR
GAYAFIN
BHEEMACEM
PRIYACEM
PANYAMCMT
SRIVISHNU
UDAICEMENT
GUJSIDHEE
KALYANPUR
VINAYCEM
VANDANA
IBULPWR
IBREALEST
PARRYAGRO
ADDISON
FORBESCO
CESCVENT
COCHIN
COSCO
ESSELPACK
GOODRICKE
HEUBACHIND
MOUNTEVER
HMOTORS
INDIGRID
MARTINBURN
NATNLSTEEL
RRBENERGY
SALORA
ZANDU
BILT
BARBEQUE